rank,actual_gross,adjusted_gross_(in_2022_dollars),artist,tour_title,start_year,end_year,shows,average_gross
1,780000000,780000000,Taylor Swift,TheErasTour,2023,2024,56,13928571
2,579800000,579800000,Beyoncé,RenaissanceWorldTour,2023,2023,56,10353571
3,411000000,560622615,Madonna,StickySweetTour,2008,2009,85,4835294
4,397300000,454751555,Pink,BeautifulTraumaWorldTour,2018,2019,156,2546795
5,345675146,402844849,Taylor Swift,ReputationStadiumTour,2018,2018,53,6522173
6,305158363,388978496,Madonna,TheMDNATour,2012,2012,88,3467709
7,280000000,381932682,Celine Dion,TakingChancesWorldTour,2008,2009,131,2137405
7,257600000,257600000,Pink,SummerCarnival,2023,2024,41,6282927
9,256084556,312258401,Beyoncé,TheFormationWorldTour,2016,2016,49,5226215
10,250400000,309141878,Taylor Swift,The1989WorldTour,2015,2015,85,2945882
11,229100000,283202896,Beyoncé,TheMrsCarterShowWorldTour,2013,2014,132,1735606
12,227400000,295301479,Lady Gaga,TheMonsterBallTour,2009,2011,203,1118227
13,204000000,251856802,Katy Perry,PrismaticWorldTour,2014,2015,151,1350993
14,200000000,299676265,Cher,LivingProofTheFarewellTour,2002,2005,325,615385
15,194000000,281617035,Madonna,ConfessionsTour,2006,2006,60,3233333
16,184000000,227452347,Pink,TheTruthAboutLoveTour,2013,2014,142,1295775
17,170000000,213568571,Lady Gaga,BornThisWayBall,2012,2013,98,1734694
18,169800000,207046755,Madonna,RebelHeartTour,2015,2016,82,2070732
19,167700000,204486106,Adele,AdeleLive2016,2016,2017,121,1385950
20,150000000,185423109,Taylor Swift,TheRedTour,2013,2014,86,1744186
